                              vanillavanilla_lr0.01vanilla_lr0.04      slotsslots_gc3e-2slots_gc3e-3slots_gc3e-4slots_lr0.01slots_lr0.04slots_nolassoslots_writeinit_only  bandwidthbandwidth_slot32  predicatepredicate_slot32   codebook     shrink
---------------------------------------------------------------------------------------------------------------------------------------------------------------------------------------------------------------------
params total                  1638656    1638656    1638656    1638656    1638656    1638656    1638656    1638656    1638656    1638656    1638656    1894480    1515584    1902704    1523808    1894480    1650944
params body                    590080     590080     590080     590080     590080     590080     590080     590080     590080     590080     590080     583760     467008     591984     475232     583760     602368
stream width                      128        128        128        128        128        128        128        128        128        128        128        160        128        160        128        160        128
held CE (T512)                 4.6512     4.6518     4.6718     4.7418     5.2195     4.9633     4.7273     4.7467     4.7498     4.7607     4.6576     4.6263     4.7424     4.3843     4.4830     4.7480     4.7357
bits/byte                      1.7872     1.7875     1.7951     1.8220     2.0056     1.9071     1.8164     1.8239     1.8251     1.8293     1.7897     1.7776     1.8222     1.6846     1.7226     1.8244     1.8197
fold gate                        PASS       PASS       PASS       PASS       PASS       PASS       PASS       PASS       PASS       PASS       PASS       PASS       PASS       PASS       PASS       PASS       PASS
--- INDUCTION                                                                                                                                                                                                        
synthetic score               -0.0138    -0.0180    -0.0142    +0.1129    -0.0163    -0.0324    +0.1424    +0.0802    +0.0833    +0.0836    -0.0095    +0.0965    +0.0962    +2.5934    +2.4597    +0.0540    +0.0510
  power floor 3se              0.0075     0.0065     0.0108     0.0128     0.0128     0.0100     0.0171     0.0107     0.0103     0.0117     0.0089     0.0098     0.0184     0.0304     0.0188     0.0086     0.0146
  x floor                        -1.8       -2.8       -1.3       +8.8       -1.3       -3.2       +8.3       +7.5       +8.1       +7.2       -1.1       +9.8       +5.2      +85.3     +131.0       +6.3       +3.5
natural swap                  +0.1000    +0.0880    +0.0907    +0.1688    +0.0486    +0.0884    +0.1943    +0.1521    +0.1538    +0.1491    +0.0956    +0.1980    +0.1789    +1.5029    +1.3914    +0.1682    +0.1248
  over d1 null                +0.0318    +0.0198    +0.0225    +0.0831    -0.0371    +0.0027    +0.1086    +0.0664    +0.0681    +0.0634    +0.0099    +0.1002    +0.0811    -0.0327    -0.1442    +0.0821    +0.0415
  carried by                 l0_head3   l0_head7   l0_head3   l0_head2   l1_head5   l1_head5   l0_head2   l0_head0   l0_head2   l0_head2   l0_head2   l0_head7   l0_head2   l1_head7   l1_head4   l1_head4   l0_head4
--- A->A PATH (causal)                                                                                                                                                                                               
A0 out of l1 read [z,r]   0.000/0.0000.001/0.0000.000/0.0000.574/0.1230.657/0.0670.333/0.0850.591/0.1270.499/0.1160.548/0.1220.483/0.1120.000/0.0000.600/0.1500.452/0.1140.352/0.0710.335/0.0670.113/0.1080.301/0.148
M0 out of l1 read [z,r]   1.796/0.9201.462/0.9641.380/0.9230.411/0.1970.088/0.0190.164/0.0760.282/0.1680.472/0.2210.384/0.1800.556/0.1971.568/0.9110.414/0.2200.345/0.1950.364/0.2050.332/0.1910.113/0.1390.183/0.226
  l1 pattern move w/o A0       0.0042     0.0389     0.0003     1.2738     0.8249     0.8156     1.5350     1.1015     1.2856     1.1499     0.0020     1.2986     1.1914     0.4515     0.3942     0.7412     0.9539
  l1 value move w/o A0         0.0032     0.0198     0.0002     0.4174     0.7857     0.2166     0.2621     0.3717     0.3256     0.4651     0.0016     0.3708     0.4092     0.4681     0.5043     0.2688     0.2647
  norm-confound true/imp  0.0042/0.00430.0389/0.03850.0003/0.00031.2738/1.27380.8249/0.82490.8156/0.81561.5350/1.53501.1015/1.10151.2856/1.28561.1499/1.14990.0020/0.00201.2986/1.29861.1914/1.19140.4515/0.45150.3942/0.39420.7412/0.93610.9539/0.9539
A0 logit share                +0.0002    +0.0014    +0.0000    +0.3258    +0.3549    +0.3775    +0.3373    +0.2915    +0.3112    +0.3254    +0.0001    +0.2176    +0.2766    +0.2852    +0.3012    +0.2286    +0.0752
M0 logit share                +0.2975    +0.3164    +0.2648    +0.3661    +0.7721    +0.5813    +0.3854    +0.3769    +0.3424    +0.3686    +0.3037    +0.4309    +0.4055    +0.3175    +0.2994    +0.4368    +0.4279
(norm share A0: NOT ev.)       0.0029     0.0187     0.0002     0.5497     0.7449     0.5053     0.5617     0.5248     0.5386     0.5374     0.0014     0.4237     0.4954     0.5679     0.6041     0.5244     0.1615
--- RANK                                                                                                                                                                                                             
content / null                  0.980      0.982      0.969      0.998      0.064      0.904      0.998      0.998      1.000      0.997      0.978      0.999      0.998      0.997      0.997      0.995      0.998
selection / null                0.362      0.278      0.430      0.285      0.099      0.174      0.193      0.291      0.257      0.356      0.352      0.266      0.245      0.268      0.260      0.269      0.192
--- ABLATION RANGE                                                                                                                                                                                                   
attn all [zero,resamp]      0.94-1.52  0.93-1.52  0.90-1.42  1.79-1.41  2.52-2.27  0.70-1.02  1.58-1.35  1.51-1.42  1.80-1.38  1.87-1.41  0.92-1.46  2.00-1.56  1.88-1.42  2.67-2.13  2.68-2.05  1.02-1.32  1.26-1.35
attn l0 [zero,resamp]       0.55-0.48  0.58-0.47  0.40-0.47  1.72-0.75  0.90-0.80  0.57-0.28  1.43-0.70  1.41-0.75  1.78-0.65  1.88-0.74  0.46-0.47  1.77-0.87  1.87-0.78  2.15-1.29  2.34-1.26  0.58-0.64  0.85-0.53
attn l1 [zero,resamp]       0.55-0.92  0.59-0.97  0.55-0.92  0.55-0.57  0.66-0.97  0.45-0.64  0.49-0.55  0.56-0.58  0.63-0.61  0.57-0.57  0.54-0.91  0.69-0.58  0.53-0.52  0.67-0.70  0.58-0.70  0.39-0.58  0.72-0.74
attn first / last            12.2/0.9   11.4/0.9   12.0/0.9   13.9/1.8    6.1/2.5    7.0/0.7   13.5/1.6   13.3/1.5   14.0/1.8   13.4/1.9   11.5/0.9   14.3/2.0   14.1/1.9   15.1/2.7   14.1/2.7   13.7/1.0    1.1/1.3
--- LADDER KL                                                                                                                                                                                                        
  embed_only                   16.390     16.328     16.429     16.163     10.960     13.847     16.145     15.984     16.456     16.085     16.058     16.791     16.531     17.269     16.262     15.847      2.897
  plus_self_attn                4.590      5.440      4.881      4.019      9.668     13.305      8.939      7.697      3.807      3.862      4.524      4.127      3.919      3.402      2.900      3.612      2.785
  model_bigram                  0.806      0.817      0.791      0.912      1.248      0.525      0.853      0.885      0.901      0.908      0.801      0.989      0.924      1.110      1.057      0.885      0.880
  no_attention_at_all           0.924      0.915      0.888      1.773      2.515      0.691      1.575      1.487      1.772      1.833      0.899      1.961      1.851      2.608      2.627      1.002      1.235
  past_attn_mean_ablated        0.892      0.893      0.856      1.195      2.171      0.547      1.096      1.233      1.103      1.187      0.868      1.285      1.176      1.441      1.200      0.898      1.014
  no_mlp                        4.201      4.914      4.430      2.227      4.772      6.866      2.649      2.654      2.421      2.623      4.498      2.486      2.408      2.174      2.110      2.116      1.815
  no_attn_layer0                0.545      0.570      0.398      1.700      0.899      0.567      1.419      1.383      1.754      1.841      0.457      1.732      1.837      2.096      2.281      0.566      0.836
  no_attn_layer1                0.542      0.581      0.545      0.553      0.661      0.453      0.493      0.559      0.629      0.568      0.528      0.684      0.526      0.653      0.572      0.390      0.714
  no_mlp_layer0                 3.821      4.257      3.745      2.450      4.019      5.010      2.546      3.093      2.411      2.987      3.752      3.078      2.711      2.290      2.086      1.413      1.172
  no_mlp_layer1                 0.996      1.035      0.931      0.494      0.091      0.508      0.481      0.488      0.503      0.496      0.889      0.511      0.497      0.571      0.578      0.368      0.506
  l1_reads_embedding            1.756      1.802      1.302      2.116      0.534      0.530      0.908      1.329      0.918      1.603      1.344      0.832      1.024      1.762      1.540      0.198      0.396
  l1_reads_e_plus_attn0         1.823      1.475      1.398      0.406      0.086      0.164      0.282      0.456      0.381      0.545      1.523      0.406      0.342      0.349      0.322      0.111      0.183
  l1_reads_e_plus_mlp0          0.000      0.001      0.000      0.570      0.652      0.328      0.587      0.487      0.547      0.485      0.000      0.583      0.444      0.342      0.329      0.108      0.302
  trunc_delta1_only             0.470      0.473      0.450      0.573      0.781      0.374      0.535      0.554      0.578      0.582      0.463      0.602      0.570      0.506      0.477      0.549      0.533
  trunc_delta_le4               0.264      0.269      0.254      0.335      0.412      0.236      0.313      0.331      0.331      0.343      0.262      0.348      0.332      0.332      0.310      0.332      0.295
  positional_only_pattern       0.311      0.343      0.330      0.325      1.850      0.288      0.269      0.333      0.295      0.350      0.290      0.386      0.339      0.276      0.265      0.369      0.298
  no_rotary_pattern             3.429      3.446      3.372      1.362      0.873      1.602      1.354      1.498      1.423      1.329      3.314      1.529      1.331      0.532      0.565      1.390      1.414
